CNRMTT02L16I441L, 16, 10
CNRMTT02L16I441L, 80, 0
CNRMTT02L16I441L, 80, 0
CNRMTT02L16I441L, 80, 10
CNRMTT02L16I441L, 80, 0
CNRMTT02L16I441L, 80, 0
CNRMTT02L16I441L, 80, 0
CNRMTT02L16I441L, 80, 0
CNRMTT02L16I441L, 80, 55
CNRMTT02L16I441L, 80, 0
CNRMTT02L16I441L, 80, 0
CNRMTT02L16I441L, 80, 0
CNRMTT02L16I441L, 80, 0
CNRMTT02L16I441L, 80 52, 0
CNRMTT02L16I441L, 80, 0
CNRMTT02L16I441L, 80, 0
CNRMTT02L16I441L, 80, 0
CNRMTT02L16I441L, 86 76, 0
CNRMTT02L16I441L, 86 76, 0
CNRMTT02L16I441L, 76 86, 0
CNRMTT02L16I441L, 86 76, 0
CNRMTT02L16I441L, 76 86, 0
CNRMTT02L16I441L, 76 86, 0
CNRMTT02L16I441L, 80, 0
CNRMTT02L16I441L, 80, 0
CNRMTT02L16I441L, 80, 0
CNRMTT02L16I441L, 80, 55
CNRMTT02L16I441L, 80 17, 0
CNRMTT02L16I441L, 17 80, 0
CNRMTT02L16I441L, 17 80, 0
CNRMTT02L16I441L, 17 80, 0
CNRMTT02L16I441L, 16 17, 0
CNRMTT02L16I441L, 80 17, 0
CNRMTT02L16I441L, 60 81, 0
CNRMTT02L16I441L, 81 60, 0
CNRMTT02L16I441L, 60 81, 0
CNRMTT02L16I441L, 81 60, 0
CNRMTT02L16I441L, 60 81, 0
CNRMTT02L16I441L, 60 81, 0
CNRMTT02L16I441L, 60 81, 0
CNRMTT02L16I441L, 81 60, 0
CNRMTT02L16I441L, 81 60, 250
CNRMTT02L16I441L, 44 89 90, 4500
CNRMTT02L16I441L, 44 89 90 17, 120000
CNRMTT02L16I441L, 86 76 21 51 69, 6000000
CNRMTT02L16I441L, 60 81, 0
CNRMTT02L16I441L, 60 81, 250
CNRMTT02L16I441L, 60 81, 250
CNRMTT02L16I441L, 60 81 20, 4500
CNRMTT02L16I441L, 60 81 20, 0
CNRMTT02L16I441L, 60 81 20, 0
CNRMTT02L16I441L, 81 60, 0
CNRMTT02L16I441L, 60 81, 0
CNRMTT02L16I441L, 60 81, 0
CNRMTT02L16I441L, 81 60, 0
CNRMTT02L16I441L, 60 81, 250
CNRMTT02L16I441L, 81 60, 25
CNRMTT02L16I441L, 76, 15
CNRMTT02L16I441L, 1 5, 0
CNRMTT02L16I441L, 1 5, 250
CNRMTT02L16I441L, 1 5, 250
CNRMTT02L16I441L, 1 90, 250
CNRMTT02L16I441L, 1 90, 250
CNRMTT02L16I441L, 1 5, 0
CNRMTT02L16I441L, 60 81, 250
CNRMTT02L16I441L, 60 81 6, 4500
